   -0.0477   -0.2830   -0.0293   -0.0412
    0.2684    0.3909   -0.0279   -0.0369
    0.1800    0.1707   -0.0293   -0.0398
   -0.0907   -0.2199   -0.0303   -0.0413
   -0.2098    0.3837   -0.0311   -0.0350
   -0.1079   -0.0021   -0.0305   -0.0393
    0.3319    0.1088   -0.0265   -0.0386
   -0.1703   -0.0427   -0.0310   -0.0396
    0.4038    0.2320   -0.0273   -0.0396
    0.1759   -0.0619   -0.0284   -0.0409
   -0.3898    0.3203   -0.0345   -0.0375
   -0.2570   -0.1593   -0.0330   -0.0421
    0.0470    0.0626   -0.0298   -0.0398
   -0.1003    0.0151   -0.0305   -0.0392
    0.4555    0.2246   -0.0257   -0.0381
    0.3471   -0.3825   -0.0277   -0.0458
   -0.4232   -0.3421   -0.0348   -0.0442
   -0.1975   -0.4864   -0.0318   -0.0447
   -0.3994   -0.3489   -0.0336   -0.0429
    0.3568    0.4709   -0.0262   -0.0350
