    0.1739    0.0002    2.0023   -0.9478
    0.0704   -0.3715    2.1125   -0.9844
    0.1042   -0.4646    2.1412   -0.9767
   -0.3498   -0.4835    2.1423   -1.1088
    0.3316    0.1172    1.9700   -0.8987
    0.3496   -0.3865    2.1231   -0.9030
   -0.4065    0.0176    1.9939   -1.1219
    0.0578   -0.4826    2.1457   -0.9902
    0.3325    0.3975    1.8848   -0.8954
    0.0053   -0.2381    2.0715   -1.0015
    0.0076    0.0834    1.9750   -0.9969
   -0.4163    0.1613    1.9516   -1.1249
   -0.3260    0.4346    1.8699   -1.0982
   -0.0585    0.4351    1.8692   -1.0157
   -0.0479    0.3386    1.8982   -1.0125
    0.0546    0.1825    1.9458   -0.9819
   -0.2515    0.0761    1.9762   -1.0752
   -0.0937   -0.3896    2.1157   -1.0328
   -0.1934   -0.0954    2.0273   -1.0587
   -0.0977   -0.1114    2.0325   -1.0304
